1,1,1,7,01a8f06ab59b62bbb4f1a1d029428f4a476f3420
1,1,8,13,01a8f06ab59b62bbb4f1a1d029428f4a476f3420
1,1,14,16,01a8f06ab59b62bbb4f1a1d029428f4a476f3420
1,1,17,23,01a8f06ab59b62bbb4f1a1d029428f4a476f3420
2,2,1,7,01a8f06ab59b62bbb4f1a1d029428f4a476f3420
2,2,8,12,01a8f06ab59b62bbb4f1a1d029428f4a476f3420
2,2,13,16,01a8f06ab59b62bbb4f1a1d029428f4a476f3420
2,2,17,21,01a8f06ab59b62bbb4f1a1d029428f4a476f3420
2,2,22,27,01a8f06ab59b62bbb4f1a1d029428f4a476f3420
3,3,1,7,01a8f06ab59b62bbb4f1a1d029428f4a476f3420
3,3,8,12,01a8f06ab59b62bbb4f1a1d029428f4a476f3420
3,3,13,20,01a8f06ab59b62bbb4f1a1d029428f4a476f3420
3,3,21,24,01a8f06ab59b62bbb4f1a1d029428f4a476f3420
4,4,3,6,01a8f06ab59b62bbb4f1a1d029428f4a476f3420
4,4,7,13,01a8f06ab59b62bbb4f1a1d029428f4a476f3420
5,5,5,11,01a8f06ab59b62bbb4f1a1d029428f4a476f3420
5,5,12,20,01a8f06ab59b62bbb4f1a1d029428f4a476f3420
5,5,21,26,01a8f06ab59b62bbb4f1a1d029428f4a476f3420
5,5,27,30,01a8f06ab59b62bbb4f1a1d029428f4a476f3420
5,5,31,52,01a8f06ab59b62bbb4f1a1d029428f4a476f3420
5,5,54,68,01a8f06ab59b62bbb4f1a1d029428f4a476f3420
5,5,69,75,01a8f06ab59b62bbb4f1a1d029428f4a476f3420
6,6,3,6,01a8f06ab59b62bbb4f1a1d029428f4a476f3420
7,7,5,8,01a8f06ab59b62bbb4f1a1d029428f4a476f3420
7,7,9,14,01a8f06ab59b62bbb4f1a1d029428f4a476f3420
7,7,17,23,01a8f06ab59b62bbb4f1a1d029428f4a476f3420
7,7,24,32,01a8f06ab59b62bbb4f1a1d029428f4a476f3420
8,8,5,10,01a8f06ab59b62bbb4f1a1d029428f4a476f3420
8,8,11,18,01a8f06ab59b62bbb4f1a1d029428f4a476f3420
8,8,19,26,01a8f06ab59b62bbb4f1a1d029428f4a476f3420
9,9,5,12,01a8f06ab59b62bbb4f1a1d029428f4a476f3420
10,10,5,11,01a8f06ab59b62bbb4f1a1d029428f4a476f3420
10,10,12,17,01a8f06ab59b62bbb4f1a1d029428f4a476f3420