1,1,1,49,01a8f06ab59b62bbb4f1a1d029428f4a476f3420
2,2,1,4,01a8f06ab59b62bbb4f1a1d029428f4a476f3420
2,2,5,24,01a8f06ab59b62bbb4f1a1d029428f4a476f3420
2,2,27,47,01a8f06ab59b62bbb4f1a1d029428f4a476f3420
3,3,1,10,01a8f06ab59b62bbb4f1a1d029428f4a476f3420
3,3,11,13,01a8f06ab59b62bbb4f1a1d029428f4a476f3420
3,3,15,23,01a8f06ab59b62bbb4f1a1d029428f4a476f3420
3,3,24,27,01a8f06ab59b62bbb4f1a1d029428f4a476f3420
4,4,3,27,01a8f06ab59b62bbb4f1a1d029428f4a476f3420
5,5,3,6,01a8f06ab59b62bbb4f1a1d029428f4a476f3420
5,5,7,10,01a8f06ab59b62bbb4f1a1d029428f4a476f3420
5,5,13,74,01a8f06ab59b62bbb4f1a1d029428f4a476f3420
5,5,75,94,01a8f06ab59b62bbb4f1a1d029428f4a476f3420
6,6,3,11,01a8f06ab59b62bbb4f1a1d029428f4a476f3420
6,6,12,28,01a8f06ab59b62bbb4f1a1d029428f4a476f3420
8,8,1,13,01a8f06ab59b62bbb4f1a1d029428f4a476f3420
8,8,14,42,01a8f06ab59b62bbb4f1a1d029428f4a476f3420
8,8,43,45,01a8f06ab59b62bbb4f1a1d029428f4a476f3420
8,8,46,57,01a8f06ab59b62bbb4f1a1d029428f4a476f3420
8,8,58,59,01a8f06ab59b62bbb4f1a1d029428f4a476f3420
8,8,60,79,01a8f06ab59b62bbb4f1a1d029428f4a476f3420